<?xml version="1.0"?>
<opencv_storage>
<cameraMatrix type_id="opencv-matrix">
  <rows>3</rows>
  <cols>3</cols>
  <dt>f</dt>
  <data>
    4.41582227e+04 0. 2.88840747e+03 0. 4.42851758e+04 1.72257825e+03 0.
    0. 1.</data></cameraMatrix>
<distCoeffs type_id="opencv-matrix">
  <rows>1</rows>
  <cols>5</cols>
  <dt>d</dt>
  <data>
    3.7198852060744575e-01 6.5841346492233450e+00 2.4878516248497758e-04
    -1.2065099520798667e-03 8.7672068500395675e-02</data></distCoeffs>
<rvec type_id="opencv-matrix">
  <rows>3</rows>
  <cols>3</cols>
  <dt>f</dt>
  <data>
    1.98420733e-02 9.95876372e-01 8.85243043e-02 9.90117311e-01
    -7.27791293e-03 -1.40052825e-01 -1.38831019e-01 9.04283822e-02
    -9.86178815e-01</data></rvec>
<tvec type_id="opencv-matrix">
  <rows>3</rows>
  <cols>1</cols>
  <dt>f</dt>
  <data>
    2.17500336e+02 -1.08525146e+03 5.62864941e+03</data></tvec>
</opencv_storage>
