<?xml version="1.0"?>
<opencv_storage>
<cameraMatrix type_id="opencv-matrix">
  <rows>3</rows>
  <cols>3</cols>
  <dt>d</dt>
  <data>
    4.9839538683991314e+03 0. 2.8208334300371625e+03 0.
    4.9847308566989032e+03 1.8079685571425773e+03 0. 0. 1.</data></cameraMatrix>
<distCoeffs type_id="opencv-matrix">
  <rows>1</rows>
  <cols>5</cols>
  <dt>d</dt>
  <data>
    5.8108428585149936e-03 -1.3457841525224829e-02
    2.1343852660835925e-04 1.7269424634491304e-04 4.4401125412377375e-02</data></distCoeffs>
<rvec type_id="opencv-matrix">
  <rows>3</rows>
  <cols>3</cols>
  <dt>d</dt>
  <data>
    -3.0333189873928745e-02 -9.9949948532974997e-01
    8.9820052124399020e-03 -9.9932082790068566e-01
    3.0137213507009375e-02 -2.1204510980458599e-02
    2.0923205202829039e-02 -9.6191053428577693e-03
    -9.9973481098561501e-01</data></rvec>
<tvec type_id="opencv-matrix">
  <rows>3</rows>
  <cols>1</cols>
  <dt>d</dt>
  <data>
    2.4534354501381557e+02 1.4765855056531666e+03 5.9032486714449931e+02</data></tvec>
</opencv_storage>
