<?xml version="1.0"?>
<opencv_storage>
<cameraMatrix type_id="opencv-matrix">
  <rows>3</rows>
  <cols>3</cols>
  <dt>d</dt>
  <data>
    6.4330171667829172e+03 0. 2.7312029283487300e+03 0.
    6.4705765246565097e+03 1.7716416058572306e+03 0. 0. 1.</data></cameraMatrix>
<distCoeffs type_id="opencv-matrix">
  <rows>1</rows>
  <cols>5</cols>
  <dt>d</dt>
  <data>
    -1.1483063225171081e-03 1.0501763274970370e-01
    3.9699317433947872e-04 -1.6029133441304274e-04
    -4.8510057093053915e-01</data></distCoeffs>
<rvec type_id="opencv-matrix">
  <rows>3</rows>
  <cols>3</cols>
  <dt>d</dt>
  <data>
    -3.9140669806486894e-02 -9.9844619963289072e-01
    -3.9663514793035551e-02 -9.9922115594790373e-01
    3.9308308062374842e-02 -3.4552023686984165e-03
    5.0089393323106968e-03 3.9497384165425940e-02
    -9.9920711925548944e-01</data></rvec>
<tvec type_id="opencv-matrix">
  <rows>3</rows>
  <cols>1</cols>
  <dt>d</dt>
  <data>
    -7.6666812389697293e+02 1.4971516485689940e+03
    8.0775938168582036e+02</data></tvec>
</opencv_storage>
